Mỹ	 0 8 3 5 4 6 7 7 8 0 / 48
Sấm	 8 9 0 0 3 6 7 0 2 8 / 43
Quân	 8 6 8 0 4 6 0 0 6 2 / 40
Thắng	 8 0 4 5 6 0 3 6 8 7 / 47
Tiến	 0 3 x 7 X 0 x 9 x 6 / 65

Tiến	 x 8 0 5 0 x 0 9 4 6 / 52 / 117
Thắng	 0 5 5 6 5 8 5 5 8 7 / 54 / 101
Quân	 0 7 7 6 0 6 4 3 9 3 / 45 / 85
Sấm	 7 x 7 8 4 7 8 5 0 0 / 56 / 99
Mỹ	 6 0 0 7 6 0 0 0 2 0 / 21 / 69
Yến	 6 0 8 5 9 3 6 0 6 0 / 43 / 43

Tiến	0 7 8 10 0 / 25 
Thắng	4 0 5 9 18 / 36
Quân	8 7 9 0 0 / 24
Sấm	2 6 8 6 7 / 29
Yến	4 2 0 5 10 / 21

Mỹ	0 8 10 0 9 0 0 8 10 9 / 54
Yến	0 7 0 7 10 7 8 0 0 0 / 39
Lương	7 0 7 6 6 5 6 7 0 0 / 44
Sấm	0 10 7 8 10 9 10 9 9 7 / 79
Quân	10 10 8 0 0 8 7 7 10 10 / 70
Thắng	0 10 7 10 9 9 6 10 8 0 / 69
Tiến	10 10 9 10 9 10 0 10 9 0 / 77

1	Tiến		219
2	Sấm	207
3	Thắng	206
4	Quân	179
5	Mỹ	123 -1
6	Yến	103 -1
7	Lương	44 -3
